0 0.131618 0.324586 0.032353 0.157459
0 0.195221 0.451657 0.041912 0.129834
0 0.244485 0.109116 0.027206 0.080110
0 0.313235 0.124309 0.036765 0.093923
0 0.344485 0.125691 0.019853 0.058011
0 0.365074 0.062155 0.024265 0.085635
0 0.391176 0.078729 0.032353 0.069061
0 0.480882 0.046961 0.047059 0.088398
0 0.613235 0.091160 0.029412 0.104972
0 0.635662 0.154696 0.041912 0.165746
0 0.724265 0.185083 0.035294 0.088398
0 0.776103 0.226519 0.030147 0.104972
0 0.821691 0.234807 0.025735 0.071823
0 0.855515 0.212707 0.027206 0.066298
0 0.859191 0.313536 0.030147 0.085635
0 0.904779 0.183702 0.008088 0.030387
1 0.722426 0.457182 0.056618 0.323204
1 0.779412 0.464088 0.051471 0.276243
1 0.894118 0.546961 0.082353 0.287293
1 0.824632 0.414365 0.044853 0.259669
1 0.923897 0.299724 0.018382 0.118785
1 0.905147 0.250000 0.014706 0.085635
