0 0.178750 0.767500 0.035833 0.045000
0 0.286250 0.792500 0.047500 0.047500
0 0.401667 0.795000 0.040000 0.040000
0 0.717500 0.876250 0.033333 0.075000
0 0.080417 0.516875 0.035833 0.048750
0 0.492083 0.502500 0.022500 0.045000
0 0.758750 0.626250 0.027500 0.040000
0 0.908333 0.522500 0.031667 0.060000
0 0.849583 0.420000 0.034167 0.032500
0 0.628333 0.443750 0.033333 0.040000
0 0.660000 0.454375 0.018333 0.038750
0 0.690417 0.439375 0.024167 0.038750
0 0.681250 0.460625 0.032500 0.028750
0 0.553333 0.411875 0.025000 0.028750
0 0.497500 0.396875 0.023333 0.031250
0 0.227917 0.315625 0.015833 0.038750
0 0.170417 0.241875 0.015833 0.023750
0 0.188333 0.290000 0.023333 0.022500
1 0.477083 0.444375 0.034167 0.071250
1 0.539167 0.469375 0.025000 0.076250
0 0.151250 0.938125 0.069167 0.063750
