0 0.111250 0.541250 0.055000 0.072500
0 0.480000 0.203750 0.057500 0.072500
1 0.478750 0.337500 0.090000 0.175000
1 0.143750 0.100000 0.062500 0.165000
1 0.415625 0.916250 0.068750 0.167500
1 0.508750 0.901250 0.100000 0.192500
0 0.481250 0.776250 0.052500 0.067500
0 0.579375 0.768750 0.061250 0.057500
0 0.603125 0.657500 0.033750 0.055000
0 0.625625 0.650000 0.038750 0.075000
0 0.665000 0.638750 0.017500 0.037500
1 0.018125 0.866250 0.033750 0.207500
0 0.395625 0.773750 0.048750 0.062500
1 0.620625 0.751250 0.076250 0.142500
1 0.836875 0.690000 0.058750 0.175000
0 0.833125 0.562500 0.041250 0.050000
1 0.975000 0.705000 0.050000 0.140000
0 0.981875 0.595000 0.036250 0.050000
1 0.341250 0.940000 0.047500 0.120000
