0 0.491071 0.552000 0.053571 0.088000
0 0.492445 0.476000 0.042582 0.048000
1 0.201236 0.341000 0.015110 0.042000
0 0.173764 0.368000 0.015110 0.020000
1 0.290522 0.381000 0.017857 0.038000
1 0.307005 0.410000 0.015110 0.040000
1 0.323489 0.383000 0.017857 0.034000
1 0.350275 0.387000 0.019231 0.030000
1 0.365385 0.387000 0.010989 0.034000
1 0.385989 0.378000 0.021978 0.032000
1 0.410027 0.440000 0.034341 0.068000
0 0.436126 0.363000 0.012363 0.014000
0 0.408654 0.390000 0.015110 0.016000
1 0.475275 0.399000 0.027473 0.050000
1 0.586538 0.345000 0.019231 0.062000
0 0.581731 0.299000 0.020604 0.018000
